 -0.850500211302012     
  -2.71055760590200     
   1.10872397563536     
   3.69494467994765     
   5.49011256607129     
 -0.850500211302004     
  -2.71055760590200     
   1.10872397563537     
   3.69494467994764     
   5.49011256607129     
 -0.850500211302009     
  -2.71055760590200     
   1.10872397563536     
   3.69494467994764     
   5.49011256607129     
 -0.850500211302011     
  -2.71055760590200     
   1.10872397563536     
   3.69494467994764     
   5.49011256607129     
 -0.850500211302014     
  -2.71055760590200     
   1.10872397563536     
   3.69494467994765     
   5.49011256607128     
 -0.850500211302015     
  -2.71055760590200     
   1.10872397563536     
   3.69494467994765     
   5.49011256607129     
 -0.850500211302012     
  -2.71055760590200     
   1.10872397563536     
   3.69494467994764     
   5.49011256607129     
 -0.850500211302012     
  -2.71055760590200     
   1.10872397563536     
   3.69494467994764     
   5.49011256607129     
   169.335634827888     
   1.22835739099080     
  -3.73362623179577     
  0.585285665634588     
   1.23481507447970     
   3.94704239508213     
   5.73102774856670     
  -1.27152803169253     
  -2.84735381283834     
  0.713766275732476     
   2.14187713270881     
   4.80529864182602     
   4.60323794922197     
  -3.09322196364511     
  -1.27797818068512     
  0.534679803418746     
   2.90168066964313     
   5.59390281855379     
   2.49786505062583     
  -3.80325391437461     
  0.172625437943507     
  0.851285163492357     
   3.57053998064020     
   5.89595425595805     
 -6.197780775432481E-002
  -3.40578673680188     
  0.746060444082918     
   1.68911557303456     
   4.36453909478782     
   5.30390581608384     
  -2.30602250427561     
  -2.10865962291833     
  0.601254403268778     
   2.54773535631154     
   5.23207438143935     
   3.64980010299283     
  -3.59433029031687     
 -0.476485479789089     
  0.607562619902595     
   3.23052311600259     
   5.83384545053046     
   153.074677109900     
   4.94326222978223     
   5.36885020075125     
   2.05288861419029     
  -2.89381107604692     
 -0.361252543754748     
 -0.230067324313442     
   8.48320003232926     
   1.92367754886588     
  -5.66436028998718     
   1.56236452341007     
   2.47627352959129     
   7.69260988671177     
  -3.13244085695698     
  -3.28543784451903     
  -1.46025425678157     
   8.71864064525614     
   3.28838055129101     
  -2.84137235608693     
  -1.36326550268580     
   1.29777541156876     
   4.52889449180766     
   5.65093184888677     
   2.00461528894725     
  -2.99271406787933     
 -0.434755119583657     
 -9.794805761338456E-002
   8.28077088662931     
   2.11207074876645     
  -5.80805589469546     
   1.58839431542492     
   1.81925257968181     
   7.90419162920741     
  -1.34356506074811     
  -4.81744916550771     
 -1.952839542453839E-002
   8.66066310038830     
   2.93955296300008     
  -2.59286132950824     
  -1.63184211899010     
   1.46742536442374     
   156.698073916667     
  0.793438395152267     
  -1.68678103840732     
  6.638362705843089E-002
   1.36378271837962     
   3.82494700599885     
   6.37133290569552     
  -3.90129894420361     
   1.05805921794590     
   1.56078478632468     
   4.92631095408097     
   7.39102523856225     
   2.48535543941080     
  0.374439898492120     
   5.34357586693486     
   10.7877813446991     
   3.61081082266059     
 -1.469244998891157E-002
  0.627031210716918     
   3.34610611509570     
   6.52342992811748     
  0.793438395152275     
  -1.68678103840732     
  6.638362705842889E-002
   1.36378271837962     
   3.82494700599885     
   6.37133290569553     
  -3.90129894420361     
   1.05805921794590     
   1.56078478632467     
   4.92631095408096     
   7.39102523856225     
   2.48535543941082     
  0.374439898492121     
   5.34357586693486     
   10.7877813446991     
   3.61081082266060     
 -1.469244998890602E-002
  0.627031210716915     
   3.34610611509570     
   6.52342992811748     
   156.327373248576     
  5.877371054502172E-002
 -0.506157458582174     
   1.68321796472778     
   4.72249256522301     
   4.97752695977431     
   1.56845571293708     
  -2.83032928039558     
   1.55457627854889     
   2.92026793048089     
   6.63864686728972     
  0.339800935325399     
  -3.31687954407979     
  0.232025566402642     
   1.57190780305677     
   6.09200630866891     
   2.43015197978352     
  -3.87169891643177     
  0.280321673843753     
  0.793017141215422     
   3.57424232446097     
   6.03330671712160     
  -3.43539361933622     
 -0.104903469635002     
  0.667953448208888     
   3.01904533461698     
   5.83363318961655     
   1.78404663182330     
  -2.84193543286916     
   2.95152794659411     
   8.56457782294943     
   7.31875230211694     
   3.97694391168559     
  0.528537583834038     
   2.45386876190880     
   6.89124477692791     
  -1.08385948503455     
  -3.61671523200677     
 -0.421595491443405     
   9.66548665636111     
  -1.70052789581044     
   159.221878901401     
   3.96169717430021     
   8.19452125438442     
   3.05685657634790     
  -1.62133343626721     
   2.96546339449451     
   1.69183748615607     
   3.25179875398999     
   6.93887806280646     
  -3.68058966590194     
 -0.317356912810033     
  0.605141448769878     
   8.44096093735421     
   1.01559823130767     
  -2.22489509264654     
  -1.80661653014299     
  1.435542343550345E-002
   5.88554260275751     
   4.49741437375034     
  -3.80027193355996     
 -0.372419633880197     
  1.798817242789688E-002
   1.52909129394994     
   5.24767969597900     
   3.56319054892129     
  -4.42107143454021     
  0.438789517279835     
   1.33758719588810     
   3.70675484527446     
   4.93001327231606     
   3.18502395355843     
  -2.61661659255876     
 -0.689327648050797     
  0.704723592131891     
   8.26746674352432     
   7.63114064153785     
   1.27267876069243     
   2.62420570170611     
   2.03287974435397     
   4.42518900481083     
   3.18651708037819     
   152.171164261647     
 -0.193488771605893     
   4.95084280166601     
   7.29890932596758     
   3.87029950742791     
   2.68058386164347     
  -1.26225014246890     
   3.10701975035026     
   7.41534879137157     
   2.09192132611196     
  -4.53606431321436     
  0.587742073135654     
  0.472945749484871     
   2.43577599923916     
   6.68300970837441     
  -3.43946658277355     
 -0.929586503294405     
  0.834289022647836     
   3.43863752936041     
   6.47422674220083     
   5.88028744599345     
   1.00517989658747     
   5.09299881116807     
   8.97767364104476     
   6.17089409307426     
   2.72710536158674     
 -6.563149670720825E-002
   2.42204348578741     
   5.92100475639196     
   3.44026407898084     
  -1.41518273350621     
 -0.708611969943590     
  0.808197456274163     
   2.15357697893846     
   7.77886847917801     
  -2.28496778645414     
  -2.30150886679788     
  0.999199359699979     
   4.39751519338427     
   6.56843452524275     
   3.98385059181860     
   156.726627959854     
  -2.56869267638546     
 -0.838777314590840     
  0.725665238485338     
   7.83446742358798     
   1.70335203277584     
  -4.18348314892697     
  0.562307219714900     
  0.405930311108900     
   6.87700500445677     
   3.88319473467881     
  -2.00904510027215     
   4.27002882378789     
   10.0050948923726     
 -0.157989258145193     
 -0.728650756576142     
  -2.88869482277587     
  2.511916291401727E-002
  0.826088664489061     
   3.37251905239516     
   5.81085709664307     
  -3.95492056904330     
   1.15532987417274     
  0.972336203257847     
   5.08042834118104     
   8.91064679375385     
  1.870819077097729E-002
  9.913892760867357E-002
   5.88056059220900     
   6.80205472403766     
  -3.38417093588886     
   4.82582186527412     
  0.692251936947023     
   2.24307466551718     
   5.01328829252899     
   7.20100480255474     
  -4.46906770444810     
   1.49328373691187     
   2.18009350727653     
   6.99004640196689     
   2.14035376282657     
   169.814639814087     
  -1.72731187989485     
   2.31199294894782     
   3.79942516970275     
   5.99705358010814     
  -3.07231962526806     
  -1.46573548084553     
  -1.08997035353234     
   5.67202006472277     
   2.31640579882099     
  -3.12078106895304     
   2.91081220252411     
   6.65090349939175     
   5.20802781528280     
   3.64363521437506     
  -2.76074155810823     
  0.936174786258054     
   3.73226131857425     
   9.62950494970518     
  0.562234693944032     
   3.01003379125651     
   3.06438884019125     
   4.08441460874992     
   1.35718251642108     
   3.04300981661451     
   10.1782410400471     
   2.47838907780654     
  -3.08937365126432     
   2.91017770988763     
   3.32141339292130     
   4.77807133984009     
   1.96321558249037     
  -3.12428759527717     
   1.84881417254175     
   6.06675838695763     
   3.84161227140023     
  -3.26441387846556     
   2.35448321562525     
   3.91331524941825     
   5.00207488520790     
   4.45983727692475     
   185.197068038880     
   1.14527662256851     
   7.83392545120344     
   4.66182315641210     
 -0.594429960846433     
  -2.22772744818985     
  -1.08274363238935     
  -2.50683281203755     
   5.47347445522509     
   3.26107206768783     
  -4.74123848871708     
   4.75815939918659     
   2.93132280870762     
   1.88971655121436     
  0.999551692038618     
   2.89796655530745     
   10.4695060283581     
   2.27365138041493     
  0.250529954911687     
   1.79229800290525     
   3.61872612997692     
   5.52629251692414     
  1.266202983976135E-002
  -3.72021122388022     
   1.58744775650568     
   3.68304741923575     
   4.50361293893686     
   4.72905345606316     
   1.15867455524571     
  -2.66736991907125     
   1.10139598789858     
   2.20272031610894     
   8.44885073891939     
  -1.56171170871242     
  -2.20730624892613     
  0.523467963684263     
   1.03567547125334     
 -9.813125233681572E-002
   6.57205890898352     
  0.553257381233474     
  -2.29647493537096     
   153.486686731432     
