   2.90674431910680     
  0.554420725279347     
   9.00771290559366     
   4.72434034257060     
  0.190770185818302     
   7.35473508267658     
   1.34192020938471     
 -0.714507803908047     
  0.860676983720168     
   11.3338656818216     
   3.15903098576820     
  0.433552721783992     
   8.93868585854551     
   5.32413297078858     
  0.134194732079806     
   7.46129877766741     
   1.30980831002433     
 -0.762457699263682     
  0.771420852628961     
   10.7904380608312     
   2.85481301790915     
  0.294592483559533     
   8.09134447112782     
   3.16488362807584     
 -0.302974013476556     
   5.46787549431601     
   11.5224469604173     
  0.341233588558095     
   4.80319320610486     
   2.15406441811411     
 -0.875859984620627     
  0.682675774044258     
   10.5085095970718     
   2.79866559904125     
  0.187711730579129     
   7.71707632540935     
   1.29144133704243     
 -0.681601773664555     
  0.994663526120641     
   11.5691969775772     
   1.00000000000000     
   7.67073815534568     
   1.33761662819931     
 -0.618159066180918     
   1.22781655546774     
   12.2930224695661     
   2.87830988958331     
  0.811182637885823     
   9.79543963870736     
   5.09167042622734     
  0.514276150679293     
   8.32524946089040     
   5.72411169432978     
  0.240904365682126     
   6.96973858887089     
   1.44747101074610     
 -0.699235483998414     
  0.959783695533038     
   11.5159192882977     
   2.96400583241617     
  0.522476517399125     
   8.99314305053793     
   4.86484351117305     
  0.173860191470706     
   7.38442947310116     
   1.32423699457157     
 -0.730172141662898     
  0.791823936893863     
   11.1961228853288     
   3.30623385266273     
  0.372592548009381     
   8.88914528123467     
   5.69260815345050     
  0.113018452463841     
   7.50366759948777     
   1.30100315716880     
 -0.779744553627828     
  0.755225441411704     
   10.5922184979897     
   2.65263252988812     
  0.250386207673553     
   1.00000000000000     
   6.42569607756909     
  0.189857741313052     
   7.04349800595966     
   1.38770296006348     
 -0.748922540067264     
  0.738890469727959     
   11.0831108851873     
   3.42369980587048     
  0.325982916827287     
   8.84167106326883     
   6.00564818359716     
  0.100420146833721     
   7.52631265204156     
   1.28859326091547     
 -0.791305595819822     
  0.703907272104884     
   10.5089156830463     
   2.77296456087844     
  0.206516713766482     
   7.69839174192365     
   1.31251008929802     
 -0.662169907399267     
   1.09869397348052     
   11.7347687111448     
   2.73711033012994     
  0.650207105147805     
   9.04953062850479     
   4.35125853028874     
  0.247010340641786     
   7.26774965516332     
   1.38680634203564     
 -0.662926568545236     
   1.02107605268378     
   11.9142527870185     
   3.17053204281910     
  0.615723904839221     
   9.58521904901059     
   5.74509352492451     
  0.380475606021444     
   8.25895266867717     
   1.00000000000000     
   1.27709006945830     
 -0.790441714992873     
  0.636350588501953     
   10.5929564664695     
   3.28428770825425     
  0.191176259062137     
   8.21532562696900     
   4.41060761860991     
 -0.245737935745545     
   6.34580136891578     
   11.1421634366627     
  0.249418350118400     
   5.65019304348243     
   1.72101637429893     
 -0.861868216089095     
  0.500986825326009     
   10.4218978254126     
   3.97238630514821     
  0.114529985859502     
   8.43682653364999     
   7.78646635040260     
  8.922027387885054E-002
   7.42086122022998     
   1.29535446975043     
 -0.814265902627464     
  0.616340829509711     
   10.3632267049316     
   3.02001959621167     
  0.135797409435875     
   7.75920300904926     
   1.24681205159752     
 -0.734548158340415     
  0.753697931400260     
   11.1117909319088     
   3.39414956294367     
  0.339196752852157     
   8.85472974321334     
   5.91401373035174     
  0.103617990976671     
   7.51953128594603     
   1.00000000000000     
  0.601373405416759     
   10.8617995097328     
   3.98686496297403     
  0.231901014269236     
   8.91337661157272     
   7.92551359049718     
  0.223544314810798     
   7.93218396122974     
   7.62214627459085     
  0.175908792581865     
   6.90568946406947     
   1.40124895690126     
 -0.779644027658932     
  0.640104762351402     
   10.8413202927242     
   3.65919233138747     
  0.239710017854668     
   8.72055448449377     
   6.66513464010908     
  8.663886139730312E-002
   7.53327747271638     
   1.27814640230945     
 -0.805649206052144     
  0.643887344839424     
   10.4088109643800     
   2.93539491243528     
  0.157318311652413     
   7.73704722481518     
   1.26392531412311     
 -0.713307715324927     
  0.843200240375216     
   11.2971824987376     
   3.19701197015145     
  0.418051046725804     
   8.92560897193753     
   5.41111711158568     
  0.127999925670213     
   7.47082617718427     
   1.27694422011746     
 -0.771908012278417     
   1.00000000000000     
   8.18873395013873     
   4.96027184344573     
 -0.240537961594153     
   6.52742621909516     
   11.0822734233437     
  0.231665525643570     
   5.82645682611906     
   1.70002646258931     
 -0.849604571333540     
  0.620888109350540     
   10.3853750819679     
   2.99227135774978     
  0.138697663389166     
   7.75817273407564     
   1.24871447283090     
 -0.731518269998852     
  0.765766976013066     
   11.1380546584127     
   3.36640545446214     
  0.349752268988976     
   8.86552752687819     
   5.84109283642012     
  0.106235212949775     
   7.51410836472563     
   1.26735855582819     
 -0.789764833546446     
  0.578608704329587     
   10.6643220320881     
   3.81493954119177     
  0.186173025229151     
   8.61610425814929     
   7.12424956282868     
  8.453191099321125E-002
   7.50504434661750     
   1.26899741524315     
 -0.812331888058222     
  0.560718233573583     
   10.4269313530688     
   3.51592285336783     
  0.130670600689492     
   1.00000000000000     
   10.4949658213155     
   3.94283541798258     
  0.138450578543852     
   8.50108360508069     
   7.56205904529299     
  8.693468068287002E-002
   7.45466684584597     
   1.28915219303957     
 -0.813286341360520     
  0.618168883118635     
   10.3656984738151     
   3.01365891327643     
  0.137126423768731     
   7.75661967541758     
   1.23879803749903     
 -0.734542195478993     
  0.705799500473750     
   11.1690655489110     
   3.75549434717069     
  0.325776155258163     
   9.12559985962737     
   7.21062708619938     
  0.239275220969679     
   8.04931000490950     
   7.41670778569539     
  0.166810349577119     
   6.99315545807259     
   1.38084403695402     
 -0.779708858058273     
  0.634936410087055     
   10.8267590266264     
   3.67232599412293     
  0.235216235727029     
   8.71235421161281     
   6.70083382399716     
  8.609854096306176E-002
   7.53132187042931     
   1.25732544013511     
 -0.809185802989767     
  0.525032550423860     
   1.00000000000000     
   7.43459276407043     
   1.27326235471129     
 -0.816670336338611     
  0.510120125956694     
   10.4445026223850     
   3.97534334436164     
  0.124782805344359     
   8.46348701883336     
   7.68969339086281     
  8.811864925282183E-002
   7.43459276407043     
   1.27326235471129     
 -0.816670336338614     
  0.510120125956683     
   10.4445026223850     
   3.97534334436168     
  0.124782805344350     
   8.46348701883335     
   7.68969339086288     
  8.811864925282177E-002
   7.43459276407044     
   1.27326235471129     
 -0.816670336338613     
  0.510120125956687     
   10.4445026223850     
   3.97534334436162     
  0.124782805344348     
   8.46348701883332     
   7.68969339086293     
  8.811864925282692E-002
   7.43459276407041     
   1.27326235471130     
 -0.816670336338610     
  0.510120125956698     
   10.4445026223850     
   3.97534334436161     
  0.124782805344359     
   8.46348701883335     
   7.68969339086282     
  8.811864925282484E-002
   1.00000000000000     
