    1.29495578117173892884750330267706885900
    2.04874539262610921852569845214020460800
    3.09422478161459357792750779481139034000
    4.54386087796272519767626363318413496000
    4.95479683773326673446035783854313194800
    1.61899608101231562429234145383816212400
   -1.34891989822665081533159536775201559100
   -0.52567224021300928971101029674173332750
    0.11235840516070182137919886145027703610
    0.66771051324922470193712342734215781090
    1.29495578117173870680289837764576077500
    2.04874539262610833034727875201497227000
    3.09422478161459224565987824462354183200
    4.54386087796272430949784393305890262100
    4.95479683773326762263877753866836428600
    1.61899608101231584633694637886947020900
   -1.34891989822664926101936089253285899800
   -0.52567224021300995584482507183565758170
    0.11235840516070352834709922262845793740
    0.66771051324922614522705544004566036160
    1.29495578117173870680289837764576077500
    2.04874539262610877443648860207758843900
    3.09422478161459357792750779481139034000
    4.54386087796272519767626363318413496000
    4.95479683773326851081719723879359662500
    1.61899608101232161949667442968348041200
   -1.34891989822664859488554611743893474300
   -0.52567224021301095504554723447654396300
    0.11235840516070209893495501773941214200
    0.66771051324922436887021603979519568380
    1.29495578117173826271368852758314460500
    2.04874539262610833034727875201497227000
    3.09422478161459135748145854449830949300
    4.54386087796272430949784393305890262100
    4.95479683773326851081719723879359662500
    1.61899608101231851087220547924516722600
   -1.34891989822664815079633626737631857400
   -0.52567224021301095504554723447654396300
    0.11235840516070352834709922262845793740
    0.66771051324922459091482096482650376860
  168.62455394425595045504451263695955280000
   -1.57862912482020356641498892713570967300
   -0.08297880110608907289204694279760587960
    0.49083638943155355471859024873992893840
    1.29884506528366494571002931479597464200
    2.39586402432127698602926102466881275200
    3.99678294101816256045367481419816613200
    4.24461594109668105545551952673122286800
    0.30179041381013038680691806803224608300
   -1.57862912482020445459340862726094201200
   -0.08297880110608807369132478015671949834
    0.49083638943155422085240502383385319260
    1.29884506528366450162081946473335847300
    2.39586402432127609785084132454358041300
    3.99678294101816300454288466426078230100
    4.24461594109668283181235892698168754600
    0.30179041381012988720655698671180289240
   -1.57862912482020401050419877719832584300
   -0.08297880110608868431398832399281673133
    0.49083638943155355471859024873992893840
    1.29884506528366405753160961467074230300
    2.39586402432127654194005117460619658200
    3.99678294101816300454288466426078230100
    4.24461594109668283181235892698168754600
    0.30179041381013310685332839966577012090
   -1.57862912482020489868261847732355818200
   -0.08297880110608965575913487100478960201
    0.49083638943155299960707793616165872660
    1.29884506528366361344239976460812613400
    2.39586402432127520967242162441834807400
    3.99678294101816034000762556388508528500
    4.24461594109668549634761802735738456200
    0.30179041381013810285693921287020202730
   -1.57862912482020578686103817744879052000
   -0.08297880110609023862622279921197332442
    0.49083638943155238898441439232556149360
    1.29884506528366294730858498951420188000
    2.39586402432127432149400192429311573500
    3.99678294101816034000762556388508528500
    4.24461594109668371999077862710691988500
    0.30179041381013560485513380626798607410
  178.98607842187837491110258270055055620000
   -1.44622460799469276793161043315194547200
   -0.65949566335241516235043945926008746030
    0.43608495215836529101949281539418734610
    1.43435722349059102675994381570490077100
    2.91838974403111706124036572873592376700
    4.23576503489603606311675321194343268900
    1.23295375524286043855681782588362693800
   -1.78394142727429150241391653253231197600
   -0.00861017877644807555492789674644882325
    0.67423347045459591786453756867558695380
    1.84627036732250848771741402742918580800
    3.54925234278935652909581222047563642300
    3.83907819738347821925117386854253709300
   -0.34509073325662681375192164523468818520
   -1.40928937855359626141193984949495643400
    0.29798797057952941536029811686603352430
    1.03917191253552698704254453332396224100
    2.33050969165855592635239190713036805400
    4.06320024555457237624978006351739168200
    2.77754345205204566937595700437668710900
   -1.44622460799468677272727745730662718400
   -0.65949566335241671666267393447924405340
    0.43608495215836534653064404665201436730
    1.43435722349059124880454874073620885600
    2.91838974403111794941878542886115610600
    4.23576503489603517493833351181820035000
    1.23295375524285621970932425028877332800
   -1.78394142727428950401247220725053921300
   -0.00861017877644639113843272326676014927
    0.67423347045459713910986465634778141980
    1.84627036732251070816346327774226665500
    3.54925234278936230225554027128964662600
    3.83907819738347111382381626754067838200
   -0.34509073325663935927209990950359497220
   -1.40928937855359115438602657377487048500
    0.29798797057953135825059121088997926560
    1.03917191253552987362240855873096734300
    2.33050969165855903497686085756868124000
    4.06320024555457592896345886401832103700
    2.77754345205204034030543880362529307600
  192.42031870734678022927255369722843170000
    3.08225856518871843547913158545270562200
    3.75869440125337295199869913631118834000
   -0.53426349319079058375336899189278483390
   -1.21372312457262498952559326426126062900
    0.60943926163030992526614681992214173080
    1.80075588006750209046913369093090295800
    3.59884888572847838617008164874278008900
    2.91081104311368399351067637326195836100
   -1.48280541772943252887273501983145251900
   -0.41351245189801588697520173809607513250
    0.70289565049350699599273184503545053300
    2.31592291956002416242199615226127207300
    3.96579413199839736492435804393608123100
    1.58958286155262329408799359953263774500
   -1.80901072524151618203802627249388024200
    0.26261023751104783929832819922012276950
    1.01705361171408936726834326691459864400
    2.81967665611844653383855074935127049700
    3.96128652330167740913680063385982066400
    0.12351582737276084467126224808453116570
   -1.53147188458534722066417543828720226900
    0.56553001295036997575493842305149883030
    1.52827225088951212939036850002594292200
    3.34707275161276118780051547219045460200
    3.40670736391765505146622672327794134600
   -1.08013542093363068552491768059553578500
   -0.82416928499873254310159609303809702400
    0.64009143391865097605375467537669464950
    2.06356249374355904535605077398940920800
    3.81443906578129654505460166546981781700
    2.29283146021095296518410577846225351100
   -1.72644387227923212790869911259505897800
   -0.03629019592786133369122225644787249621
    0.82669586467434219567707032183534465730
    2.56520134972414126650619436986744403800
    4.02363571811135045663831988349556922900
    0.84879888334100928037884159493842162190
   -1.73859598357172706606377232674276456200
    0.46092932487839666233497837311006151140
    1.25924493494609457400201790733262896500
  209.42726780418652765547449234873056410000
   -1.21825002479666211208098047791281715000
   -0.42541923449080210062334117537830024960
    0.87927314990196792088283928023884072900
    3.23704490008398426681424098205752670800
    3.25586679374009779763810001895762980000
   -1.21825002479666344434861002810066565900
   -0.42541923449080154551182886280003003780
    0.87927314990196681065981465508230030540
    3.23704490008398115818977203161921352100
    3.25586679374010001808414926927071064700
   -1.21825002479666300025940017803804948900
   -0.42541923449080076835571162519045174120
    0.87927314990196669963751219256664626300
    3.23704490008398027001135233149398118300
    3.25586679374009957399493941920809447800
   -1.21825002479666189003637555288150906600
   -0.42541923449080143448952640028437599540
    0.87927314990196758781593189269187860190
    3.23704490008398471090345083212014287700
    3.25586679374009735354889016889501363000
   -1.21825002479666233412558540294412523500
   -0.42541923449080237817909733166743535550
    0.87927314990196803190514174275449477140
    3.23704490008398515499266068218275904700
    3.25586679374009690945968031883239746100
   -1.21825002479666455457163465325720608200
   -0.42541923449080093488916531896393280480
    0.87927314990196669963751219256664626300
    3.23704490008398027001135233149398118300
    3.25586679374010135035177881945855915500
   -1.21825002479666211208098047791281715000
   -0.42541923449080126795607270651089493190
    0.87927314990196681065981465508230030540
    3.23704490008398071410056218155659735200
    3.25586679374009957399493941920809447800
   -1.21825002479666233412558540294412523500
   -0.42541923449080176755643378783133812250
    0.87927314990196736577132696766057051720
    3.23704490008398382272503113199491053800
    3.25586679374009735354889016889501363000
  236.17389051655669618412503041326999660000
    1.05676392481827563507579270662972703600
    4.13680753939787404505068479920737445400
    1.23174550974585295115559802070492878600
   -1.52560385967526546124872766085900366300
    1.15100760377257271827033946465235203500
    3.02871300316396929730444753658957779400
    3.44417227355110666664472773845773190300
   -1.15220866566607571535030274390010163200
    0.16484312385449162441375392518239095810
    1.23621493739141774526046901883091777600
    4.20437722242793299187724187504500150700
    0.69103068306425907696421973014366813000
   -1.34805644796435908361331712512765079700
    1.12048803840516542074112749105552211400
    3.45252088536409562635753900394774973400
    2.94484703108439171970189818239305168400
   -1.42437342183974680054348027624655515000
    0.58161931801737432046195408474886789920
    1.56559033240186118440817608643556013700
    4.19312150695826346691319486126303672800
    0.17313761512528699770818718661757884550
   -1.07659154510065269150231870298739522700
    1.05301346203100432141752662573708221300
    3.77481082163712944321787290391512215100
    2.37980242783778406234773683536332100600
   -1.57428257801370263813112160278251394600
    0.90116203016469176301228571901447139680
    2.01816359352106466928944428218528628300
    4.07748315355499180157039518235251307500
   -0.32100382282951434032014503827667795120
   -0.71707600117602576794695323769701644780
    1.01136120336609081071799209894379600900
    3.99747861285989625201864328118972480300
    1.79806392191803698921148679801262915100
   -1.60428303192582588643233520997455343600
    1.08974720269524305571451350260758772500
    2.53089186680942912488490037503652274600
    3.83006476237925719274812763615045696500
   -0.77371823632273861726105224079219624400
   -0.28888020222215110566210682918608654290
  279.80870556203922205895651131868362430000
    0.56236977733744253349357222759863361720
    1.74836431621560883797883434453979134600
    4.57033627176481793696893873857334256200
    0.61300690619774644840589417071896605190
   -0.05404091235850708163646061166218714789
    2.42878252671581451593851852521765977100
    3.50704316174405672512648379779420793100
   -1.31159040341703692078567655698861926800
    1.83174947060009163379845631425268948100
    3.45045540517763216215030297462362796100
    4.44296168572765015625236628693528473400
   -0.04254692967416428411864259828689682763
   -1.01381440583190718385253603628370910900
    1.59826686448067434298536682035773992500
    5.33739275808163515790738529176451265800
    0.60318797968382376062379535142099484800
    1.53093952759731988244595868309261277300
    4.47346741995715468931393843377009034200
    2.81373257748403737821263348450884223000
    0.96079884639526214051841179752955213190
    4.16108129338978027789153202320449054200
    3.93957314726253216008444724138826131800
    1.20963444121031749034500535344704985600
    3.72821297513408733692585883545689284800
    3.04216820765922868474717688513919711100
   -0.85304699745523226983578979343292303380
    2.38776898657797120861800976854283362600
    6.96074855865625963247111940290778875400
   -0.44813890784075077755588267791608814150
   -1.30475972842911036586599493602989241500
    0.14366914313248632661945691779692424460
   -0.19380159488645992693633957060228567570
    1.08312000112188777656285765260690823200
    4.29668113273643292870929144555702805500
    5.66600774325637335238070591003634035600
    2.29567917227963258497425158566329628200
    0.57115370865795644927942475987947545950
    0.94805293599662066039712726706056855620
    1.77647532522498186047243962093489244600
    0.82010988617807645262303140043513849380
  351.97592885603637569147394970059394840000
    3.68284660010588904555106637417338788500
    3.31495867432089807991246743767987936700
    3.73140537525316640099504184036049991800
    2.19592766639393621730391714663710445200
   -1.92340501836482813402540159586351364900
   -0.70024379009475712365428989869542419910
    0.45583724623798049790934783231932669880
    4.75955001578446257326504564844071865100
    1.53714305886956648095065247616730630400
    1.02679598207457067893244584411149844500
    3.31551244289263102871245791902765631700
    3.48828907741219884641736825869884342000
   -1.34686885226146579874750841554487124100
    0.17874764132008569283982524211751297120
    1.32899078332285447423544155753916129500
    4.47557977490314140567306822049431502800
    0.79682579325540936476812703403993509710
   -0.07100234526065014872830971626171958633
    2.28421700335381983038018915976863354400
    3.70389773995035875842063433083239942800
   -1.46319648940996716035556346469093114100
    1.81414237284883239631483320408733561600
    2.91558816689774014108138544543180614700
    4.66663521912333312258169826236553490200
    2.07026677956151061721357109490782022500
   -1.23504799264979614470405522297369316200
    1.99039546507027576005555147276027128100
    5.20744501292401462677617018925957381700
    0.87486939034437771756103074949351139370
    1.26515636689667876346732100500958040400
    4.04381229069089442873519146814942359900
    2.40860994714393372717609054234344512200
    0.16375217815581347147180224510520929470
    3.33457643245780088747665104165207594600
    6.14760270497224947661152327782474458200
    0.08514391304992897924197592374184750952
    0.17213358307769457966607262733305105940
   -0.54360064710812228128133938298560678960
    0.16144190052707085847316648141713812950
    2.32488838915831097509112623811233788700
  353.94313443112190498140989802777767180000
    5.33408480499316794976039091125130653400
    0.94135776245311264531778761011082679030
   -0.47235095005021177083648353800526820120
    2.71777662522950835821688997384626418400
    2.54942946037442164097797103750053793200
   -0.77050268871943228266019332295400090520
    1.51383576531949670673782293306430801700
    3.87081631269427806074645559419877827200
    3.81281575954744100798166073218453675500
   -1.13794465956350721036471895786235109000
   -0.29504202603717827324558697910106275230
    1.54334474778960584195885985536733642200
    5.27540571862851059847798751434311270700
    0.61158769005266200302628476492827758190
    1.41173919775689937772256143944105133400
    4.20670908308177082801648793974891305000
    2.65001874693057226650694246927741915000
    0.88987967182286953349290570258744992320
    4.10435579991309040792657469864934682800
    4.61523019024441438773465051781386137000
    1.45866682805919101184599639964289963200
    3.45629383325111927405259848455898463700
    2.08051322685006168100585455249529331900
   -1.05275432435023708066523795423563569800
    1.97419109474937815029704779590247198900
    6.22434617828682767992631852393969893500
   -1.57921906646020371312033603317104280000
   -0.67138241858685254737082459541852585970
   -0.01694621192682209745439259052091074409
    0.46654849770905343353533112349396105860
    3.04233963055603995329079225484747439600
    5.79066220531307340735338584636338055100
    3.52498750520322978729836904676631093000
    2.01318304876618459076098588411696255200
    1.15628094773399126005131165584316477200
   -0.17918979281920832669072751741623505950
    1.88521318053241615508852646598825231200
    2.68774954094102236368257763388101011500
    1.51130557903605722280815371050266549000
    2.85399533780742631350335614115465432400
  354.66090982922202101690345443785190580000
    4.00966894735973777841309129144065082100
    0.29265870057259169012553456923342309890
    2.46082887345390100009012712689582258500
    2.59639989746783239610294913290999829800
   -1.18110915278658490379370959999505430500
    1.04632361886761304781146009190706536200
    2.19950246174049501846070597821380943100
    4.78703423599970534496605978347361087800
    1.13932063203017874819522603502264246300
   -1.27404250899002335906118332786718383400
    1.69057229709423562091785697703016921900
    5.18699186525212851961441629100590944300
    0.60536178628460513007070176172419451180
    1.13457601482359926592380361398681998300
    3.94235499826318758209708903450518846500
    2.65752351496550209830616040562745183700
   -0.10960843124450492247490274166921153660
    3.73882877415596404091502336086705327000
    3.19519892768667457261244635446928441500
    1.22633662919442265604175190674141049400
    3.42292337179567507376987123279832303500
    2.80885873898345961308109508536290377400
   -1.40288915760078913841368830617284402300
    1.97359083569609294883662187203299254200
    5.95343149248258463046568067511543631600
   -0.10633055756277942638376998729654587810
   -2.69092799975069763007695655687712132900
   -0.17858557730016474951462157605419633910
   -0.03278833016880777079249398298088635784
    2.31049629596142969134575650969054549900
    4.54003131371102064406386489281430840500
    3.87530200976079175489985573221929371400
    3.75407924976818874185369168117176741400
    2.54786626353990897086987388320267200500
   -0.52892523532267632369041621132055297490
    1.05642273123927110667352735617896542000
    1.48738022456746921129422389640239998700
    0.49340000334245409652211833417823072520
    1.54510489051151322925647946249227970800
    4.49075130139221379010905366158112883600
  355.58998246312830815440975129604339600000
    4.38501753509026936939108054502867162200
   -2.48086715244956890202843169390689581600
   -1.15473377520921394179254093614872545000
    0.67156446159630045489308258765959180890
    3.65451356549980799215404658752959221600
    2.70514880820148473361541618942283093900
    1.48073815809498476880889938911423087100
    2.43082776001215883354689140105620026600
    3.82829253477511333159100104239769280000
    2.04647062026716497484812862239778041800
   -0.83464390328038418065403902801335789260
    1.26376532389441975645638649439206346900
    3.86667844705838392727059726894367486200
    1.84974734046825317612672279210528358800
   -0.40326404813813365723973447529715485870
    2.12351632615737262455013478756882250300
    4.37464048071698830000286761787720024600
   -2.10561221332831305375066222040913999100
    0.40061410905233335588704335350485052910
    0.72061822496649385882960814342368394140
    3.10736863671577046019933732168283313500
    6.11951621024076697352711562416516244400
    1.92498831296482042496620579186128452400
    1.73607829744791719583929534564958885300
    4.47950259564678088253231180715374648600
    1.97964204902975327016179107886273413900
    1.33194117919876764410958003281848505100
    4.40690867714453560211040894500911235800
    3.80115630206289090153859433485195040700
    0.39483760012652446835801356428419239820
    2.51574236342281620792959984100889414500
    1.21119743921347455817283389478689059600
    0.14686866248710947480127231301594292740
    1.77833124954214416568731849110918119500
    4.68437012368503502557359752245247364000
    0.00452191157824618269328587061295365856
    2.78604462200859348541825966094620525800
    2.57366155673647911683588063169736415100
    1.74633410160496560514786779094720259300
    3.53448785607779880635348490613978356100
  356.01311416080352501012384891510009770000
   -0.13130936366522044655980039351561572400
    2.68468336114774830392093463160563260300
    3.01426400282222317628111341036856174500
   -0.64625295812177474541471156044281087820
    1.47113764500518939826179121155291795700
    3.62096790395453504984857318049762398000
    3.06553421728680852709203463746234774600
   -1.75777732409809495095487363869324326500
    1.11968153675298642824031958298292011000
    2.30985945893428423758564349554944783400
    4.94624067704720893345893273362889885900
    0.83438428595274050092456263882922939960
    1.23417488529945096331630338681861758200
    3.95957320594314099437838194717187434400
    2.54726069027606749628489524184260517400
    0.01872144452104745893095127939886879176
    3.03199139153352437148214448825456202000
    5.70696585712538695389639542554505169400
   -2.06546139505482972964500731904990971100
    1.12764097368007898403163835610030219000
    0.42022498720432671648339351122558582570
    1.74467372569888179434371977549744769900
    5.59320109669939480312450541532598435900
    1.99030269874158927123630746791604906300
   -0.88824552800404310559656551049556583170
    1.28768263604450683423863210919080302100
   -0.40199170437592873783572144930076319720
    1.13082418338245260791552482260158285500
    2.93488296126097480964745045639574527700
    6.02896963861593615519041122752241790300
    1.96707211854832242359236715856241062300
   -2.30677081745287582137393656012136489200
    2.33972948529159285868672668584622442700
    2.48550893216228940829637394926976412500
    1.55616863726322307570626435335725545900
    1.98520255974936521425888713565655052700
    2.10154173711920178035938988614361733200
    3.30406858090583144260676817793864756800
    4.66033676056595247416680649621412158000
    0.88627465563568530448890214756829664110
  356.67315012768034421242191456258296970000
    1.16859658476078775990458780142944306100
    4.06109178408921422942512435838580131500
    4.45829902086047535902935123885981738600
   -0.02566316860670721233805835481689427979
    1.64676398548500069196620643197093159000
    4.28988622734379632106538338121026754400
    1.38618274285140907764457551820669323200
    0.25055098334827097250609995171544142070
    3.03908442005165246868614303821232169900
    4.25379214525730908746936620445922017100
   -1.49771193759587428750990056869341060500
    2.93085982068540040756943199085071682900
    2.35849516002196146757796668680384755100
    2.27787706798532196827977713837753981400
    5.01584591972078630561782119912095367900
    0.89553672359405311897972978840698488060
   -1.32365892373438698292886783747235313100
    1.92334106597447629383168532513082027400
    0.76312330841177844487077663870877586310
    1.52377139476378986593374520452925935400
    2.71914260949044273019126194412820041200
    4.72386598048611539013563742628321051600
    1.80421022998804025938568429410224780400
   -2.14841821591261039614551009435672313000
    2.47039495889417581864222484000492841000
    4.41197570418239148892780576716177165500
    1.79221327639385963337304019660223275400
    1.92854682719137104918161185196368023800
    3.11359581530906659452284657163545489300
    4.28143710026234014520696291583590209500
    2.44871759326483795504714180424343794600
   -1.06467495201756667810855105926748365200
    0.60177246376025717022884009566041640940
    3.09464004731352959609580466349143534900
    2.75555113332558798688864953874144703100
   -0.44795182965398705476900431676767766480
    1.81861287643711522221678933419752866000
    4.41398244257568084236709182732738554500
    0.67827620673848387777837842804729007180
   -1.65968744398171907938888125499943271300
  358.24650909332297032960923388600349430000
    1.86957858785164243720089416456175968100
    5.99267792785505548636137973517179489100
   -0.68167281890453779169547487981617450710
   -1.44762470903030537883182660152669996000
    0.21033092230117755860874240170232951640
    1.80653611027283744761007255874574184400
    5.56795720677292216294063109671697020500
    1.70190764283650008970028011390240863000
    0.69056233317209791966462262280401773750
    3.44611966864017604805781047616619616700
    1.51698236651133622210352314141346141700
    0.22400629691296075618467398271604906770
    2.48391183174955854084942075132858008100
    5.81592433128118013740959213464520871600
   -2.65373750763251470274894927570130676000
    1.81760230375795361901225533074466511600
    1.33449758178939448249877841590205207500
    2.90165198739258700655341272067744284900
    5.04636580947869806124117530998773872900
    2.24478415997257441105716679885517805800
    2.35680018212694930568318341101985424800
    5.06285026116140013385802376433275640000
    3.03135922302112748027980160259176045700
    0.28546707110630065162837354364455677570
    2.33223588323376107567241888318676501500
    1.36433185391418687615328053652774542600
    0.75406247135106019285899492388125509020
    2.71508676996653175450546768843196332500
    3.70583634634401359875255366205237805800
    2.25107516733116153062610464985482394700
    2.90623800285994926539956395572517067200
    3.99851650404905445412850895081646740400
    1.37682671121667654645648326550144702200
    1.21724439246998605845817564841127023100
    3.85416353375685849513843095337506383700
    3.02871658605565041710860896273516118500
    0.47874007593990303144337872254254762080
    3.09474539270414350511373413610272109500
    2.47586852966681547627558757085353136100
   -0.66461753107315479915939704369520768520
  358.36590085964360241632675752043724060000
    3.13174375164556062500764710421208292200
    4.26633391588874477662329809390939772100
    2.21178267370287118254168490238953381800
    3.42728455395305831032715104811359196900
    2.73775187287496013510690318071283400100
   -2.37071030511380564931300796160940080900
    0.86584258967041460852698264716309495270
    0.82331075068842352049358623844454996290
    0.26101554679493577104665291699348017570
    0.35848847511891146488949289050651714210
    2.83778660698574025644802532042376697100
    6.36113575579693790729152169660665094900
    1.52363776425866892516580719529883936000
    1.84357038836817133109491351206088438600
    3.39649650942471836856384470593184232700
   -0.57272138809543338133778433984844014050
   -0.19743922974624680821698063937219558280
    0.70743845282158401843730644031893461940
    2.15380346348672402356783095456194132600
    4.81891156738889314681273390306159853900
    1.87824948199977481699818326887907460300
    0.78226960119357191736355616740183904770
    3.30907528631952319031483966682571917800
    2.27948175701854172103821838391013443500
   -0.08714604130562454697983554297024966218
    2.52039656813628809572946920525282621400
    5.02856313895117956747071730205789208400
   -1.95583149559373370429682381654856726500
    0.16465763311851333572377598102320916950
    0.18522260717880995040118818906194064770
    1.39948565634805310864408056659158319200
    6.79003900854958786226234224159270525000
    4.80328518005342086638620457961224019500
    1.11753974643857878490393886750098317900
    3.45693852195344408784194456529803574100
   -0.17508842824984072183980288173188455400
    0.91660868284789709381499278606497682630
    3.92906989186062061136794909543823450800
    2.46780826128867225577323551988229155500
    0.58032203314177732700329670478822663430
  359.94305848142823833768488839268684390000
    2.02034518211036706603067614196334034200
    4.99037952765186609838110598502680659300
   -0.67229542762157046276172422949457541110
   -1.76353420527466275835593023657565936400
    0.42147415945666982795003718820225913080
    2.16875991803663437096361121803056448700
    5.58336387861344007887964835390448570300
    2.50762080828456035419549152720719575900
    2.14707939431535965724151537870056927200
    4.68154734701404251495659991633147001300
    1.20738163729430003634490731201367452700
    0.68160845483307586079035900183953344820
    3.93254124321076981019018603547010570800
    2.99563997191264119734910309489350765900
   -1.67396980799082228941188077442348003400
    2.53872424141132535524434388207737356400
    2.41558420707580401298741890059318393500
    1.84148123382493289490469123848015442500
    3.90267392434108595367092675587628036700
    4.81584477708733693646081519545987248400
    0.11269229867413738110926146873680409040
   -0.33514000221954781677524692895531188700
    0.31877654502798902225180199820897541940
   -0.06165968207789814664598893045877048280
    0.91040613270076120588925050469697453080
    2.61373558745815337545082002179697156000
    5.75830595069246964357034812564961612200
    1.82135961683089941942625955562107265000
    0.44366978356352443357835113602050114420
    3.29057673344343548649248987203463912000
   -0.16860854840835970414048006205121055250
   -0.61308958699685855986416527230176143350
    0.76458157346294686185217415186343714590
    4.01016784978498641578426031628623604800
    3.21961981476971192961400447529740631600
   -0.96113925008069345246042303188005462290
    1.09881196307216022489683382445946335800
    3.45126309951710519285938971734140068300
    2.34353407120585099931986405863426625700
   -0.56483827897186389410677520572789944710
  363.81592915065834858978632837533950810000
    3.45352396356431823321031515661161392900
    3.84290063305402096460738903260789811600
   -1.21909053140165779538506285462062805900
   -1.58359414099753670335246624745195731500
    0.50234675347483326302011619191034697000
    4.82411022172944292663032683776691556000
    1.52469029173799275334033609397010877700
    1.14117354887067579127801764116156846300
    3.52697899904497536027747628395445644900
    4.22643442035377603360757348127663135500
   -1.35729463315220466590460546285612508700
   -0.62578785492841071391723062333767302330
    0.68768167526032963898785510536981746550
    4.02544290938534032875395496375858783700
    1.62264507481262909571739783132215961800
   -0.20067742458942872119109779305290430780
    2.09631761207650946232661226531490683600
    4.08365682905809013192310885642655193800
   -1.62048476061541868453730330656981095700
    0.55582250506349661911542625603033229710
    1.00046512355381889136651807348243892200
    4.68003540916480087474838001071475446200
    3.71913056424818622147654423315543681400
   -0.84948556006183861821767777655622921880
    2.33173205236049074784432377782650291900
    5.24264625529179983942640319583006203200
    0.97774385719704137720498238195432350040
    1.30272091196798212031637831387342885100
    3.98578346395249116795866939355619251700
    0.88449351992510427677984807814937084910
   -0.86693635621178555261678866372676566240
    2.33652889919000639196156043908558785900
    5.88076583941623365348050356260500848300
    2.95099795072085990810251132643315941100
    1.08253364284689723717747256159782409700
   -0.64773269969249602784344688188866712150
   -0.57267168206488661130748596406192518770
    1.62308825051605154499156924430280923800
    2.31670081497046043139675930433440953500
    2.19504261227356556318568436836358159800
  364.21173527966021765678306110203266140000
    5.37839433558352819630954400054179132000
    2.44228396115985724179608951089903712300
    1.63424123490235384537072604871354997200
    3.68180662905915312421711860224604606600
    3.63537671931510919520746938360389322000
   -0.25828055840730385073200636725232470780
   -0.77330529120831481559861231289687566460
    0.88000630506497035110413662550854496660
    3.97175039375124994123211763508152216700
    1.51524111568234665092802515573566779500
   -0.41662155024121005908455117605626583100
    1.86688306357890732023463442601496353700
    4.30137753705806780146758683258667588200
   -1.64616300888486977171965008892584592100
    0.71524181837164657604688500214251689610
    0.91644354287691909277668855793308466670
    4.54090703214130275711113426950760185700
    2.58584972568182047680807045253459364200
   -1.82229211875897978423211043264018371700
    1.90381740964897150369949940795777365600
    4.30773176033016369501638109795749187500
   -0.02120558579941165741611364126129046781
    1.19723801087634229567413512995699420600
    2.77768045542099040190464620536658912900
    4.01358728865578928690638349507935345200
   -1.43743216474225810053155782952671870600
    1.96749475300214315964808520220685750200
    2.26246516878942349748626838845666497900
    3.48436191577972520505568354565184563400
    4.62221787637443615182064604596234858000
   -0.57234850078583776600282817526021972300
   -0.46157565918814197347685990280297119170
    1.60721520581390375781438706326298415700
    1.05364710870819022758837490982841700300
    1.58628900984902632131934296921826899100
    3.01709123392197087198951521713752299500
    3.88526654340308263968495339213404804500
   -1.73459482555768573774912510998547077200
   -1.09919242795809068979906442109495401400
    0.82810125759235264641944240793236531320
  364.97881289118680570027208887040615080000
    0.73791586323851476869606358377495780590
    2.05153494897798083229645271785557270100
    4.53026454051272509104819619096815586100
   -1.14505592183600302114143687504110857800
   -0.30370922148763540571181351879204157740
    0.66534072862098136980080198554787784810
    4.60017161652044315189868939341977238700
    0.88563832061759895086794358576298691330
    0.88181602461427899264378993393620476130
    2.74367434672132803896715813607443124100
    4.02645407883112049773899343563243746800
   -0.21357009005218730024466822214890271430
    2.52362585091593194519532517006155103400
    4.38299097454382557970120615209452807900
    4.51811737120685386059903976274654269200
    2.13898441614561463097743398975580930700
   -1.13243049340570900440638979489449411600
    1.53910411377557032608365261694416403800
    3.43498788241509211971447257383260875900
    2.06514998202277633154722025210503488800
    2.37334722770648332001997005136217922000
    3.72055130763913499691852848627604544200
   -0.26844619585425327779049098353425506500
   -1.17568013567781926020927585341269150400
    1.59577414891683777575792646530317142600
    5.54906201859134995402200729586184024800
    4.15955735624239952841207923484034836300
    2.20680399604432730953362806758377701000
    0.60428144074644696281950473348842933770
   -0.91046803806558740390642014972399920230
    1.30288667725425577614828398509416729200
    1.79494711121049133062399505433859303600
    1.21022126540427366059304858936229720700
    2.40902131685180398434908966009970754400
    5.06627548799362159570591757073998451200
    1.56771283834766195219856399489799514400
   -1.24104723601909538999166215944569557900
    1.91536146604376344981801594258286058900
    3.85191432267995814697769674239680171000
   -0.26426306450538444847708774432248901580
  365.14559832793969462727545760571956630000
    1.56266198001235556702681606111582368600
    6.42623966972020355115091660991311073300
    2.72070414041384678327517576690297573800
   -0.72964806347183952528467898446251638230
    0.54785217655080298282399553499999456110
   -0.17004112741913898765311330407712375750
    1.45471534946424085887883848045021295500
    2.72190953608589980561305310402531176800
    2.70380671395279348345752623572479933500
    3.61336327503688981011009673238731920700
    3.04182838189100435144496259454172104600
   -1.99428252543853878897550657711690291800
   -0.46126698710290753302487587461655493830
    0.62347264384151224181351835795794613660
    4.32905369318841870551750616868957877200
    1.16432547715468692750562240689760074000
    1.25738900377207696301695705187739804400
    3.15511901355023338666683230258058756600
    3.33062607818300682183121352863963693400
   -1.49056581396376408576998073840513825400
    0.47138571699647585644399327975406777110
    1.46694292686003735504129963373998180000
    4.70439665574745724541116942418739199600
    0.60417881736064871223135241962154395880
    0.75005175295864423556935207670903764670
    2.96184116924002971416030050022527575500
    3.25581650623678209299782793095801025600
   -0.29714699795051341402185585138795431700
    2.70599437338114912066089345898944884500
    5.62427858254738577414855171809904277300
    4.02822085833095044904439419042319059400
    0.88923075502859838525893110272591002290
   -0.76318188607648884680401124569470994170
    1.55343698008785091602135253197047859400
    3.79582457418734708909369146567769348600
    2.47421579419225823315287016157526522900
    2.53651303475535705445054190931841731100
    3.14601134089093736889708452508784830600
   -0.96789936500624107473811363888671621680
   -0.21774526688883741321056675133149838080
  368.75138595395770835239090956747531890000
    1.17952868710271019381252699531614780400
    2.95071799451998373342576087452471256300
    3.57101914750365301287615693581756204400
   -1.33884586858023779676329922949662432100
    0.53040342773117499231005922410986386240
    1.51592105417587141857893584528937935800
    4.96479026363531428245323695591650903200
    0.83078231830838489280210978904506191610
    0.69147904320092223873217562868376262490
    3.24511385836600840804067047429271042300
    2.37928941111233438476801893557421863100
   -0.85549126484001680736923844960983842610
    2.16989382764595362118598131928592920300
    6.00671772239659329528649323037825524800
    2.99611820941292883446749328868463635400
   -1.08356192092663095039029030886013060800
   -0.70387454611811084426165052718715742230
    1.59819706638810243859438742219936102600
    4.22890479461074875189297017641365528100
    2.56181417427912760942376735329162329400
    2.38663267428134018288687911990564316500
    2.01791626152238112723580343299545347700
   -1.61860477195543683848200089414604008200
    0.63445333537834880388572855736128985880
    1.40823918287067706422988067060941830300
    5.77331672769985893012290034675970673600
    2.13964256907495231629923182481434196200
   -2.35375215868354281667507166275754571000
    1.66879074056282417082286428922088816800
    0.95444571399056266081117883004480972890
    1.39719545313694193389153497264487668900
    2.19647229672114452370124126900918781800
    2.65117060646969182613474913523532450200
    3.84922326987939955600381836120504885900
    3.72985672140016655262684253102634102100
   -1.09920570071287837521367691806517541400
   -0.90875556079390995556366306118434295060
    1.10359144001831199766172630916116759200
    4.02000675777790572595904450281523168100
    0.82659724948333268557121300545986741780
  370.07800280744658039111527614295482640000
    2.40756088036936377605456982564646750700
    3.06714412925553281397128557728137821000
    4.03817514222763307429886481259018182800
    4.53311259460121007691668637562543153800
   -0.48463447824869254620949732270673848690
    1.21079717716609169819719227234600111800
    2.51718623985345635318822132830973714600
    1.19631775658636718695504441711818799400
    2.16815539976954241296880354639142751700
    4.12263826933302279797999290167354047300
   -0.17188272922829642141984152203804114830
   -1.35072973344768154646544644492678344200
    1.42834276551914474140403399360366165600
    5.32776226745413961083386311656795442100
    4.22026832262336348833287047455087304100
    1.53556320466234996757748376694507896900
   -0.11047415421173920058173223424091702330
   -0.68392266604583162870056867177481763060
    0.92508529433101571726183465216308832170
    1.34127843004088820322294850484468042900
    1.52250964872939542615881691745016723900
    2.85299893111385438615457132982555776800
    4.88529537318527928846378927119076252000
    0.75430264574949656974922618246637284760
   -1.90492866531080995429192626033909618900
    1.24792368641509332505279417091514915200
    3.91356980850727920184795038949232548500
    0.50115795077449343253306324186269193890
    0.91039930135472346695024725704570300880
    2.39018263491716531632391706807538867000
    4.49895113966835147323308774502947926500
   -0.53498258937134768320476041481015272440
   -0.81718916908286332034805354851414449510
    1.03744469477760814513089826505165547100
    4.56764251368070173242585951811634004100
    0.42823961213245442802843854224192909900
    0.48633851818034351532915593452344182880
    2.37999654067688881653452881437260657500
    3.90585906931021709098672545223962515600
   -0.95378972217477475670222020198707468810
  373.43516693196994538084254600107669830000
   -0.59548164652586188516636411804938688870
    2.08970179771599484652710998489055782600
    5.61296771089229196149972267448902130100
    3.42683955563579312197930448746774345600
   -1.06556315282342928263403791788732633000
    1.22041374592007367816393070825142785900
    3.85990943746198089669974251592066139000
    2.50583493354627684368551854277029633500
    1.95994389360171750169570259458851069200
    4.87227092440688736019183124881237745300
    6.82299466345951710621875463402830064300
    3.50780154086943607438797698705457150900
    3.37662166344119896166375838220119476300
    2.49731965421181145714513149869162589300
   -1.08458116637952106664499751786934211900
    1.66497223344546929624243603029754012800
    3.13618518728554107610762002877891063700
    2.11426906148139259755680541275069117500
    2.30393770852733092979747198114637285500
    3.53037308316723663637048957752995193000
    4.29590327918836401011049019871279597300
    2.92692608872924475704735414183232933300
    1.48513603419780326753141252993373200300
    2.19309988677864264872141575324349105400
    1.98456984708503858527706142922397702900
    0.72485504265638622811707136861514300110
    1.96960318918182064606980929966084659100
    3.88878569989624089942026330390945076900
    0.90840614082754689295740035959170199930
   -0.77600921663155486562857277021976187830
    1.53503995728580289181763873784802854100
    6.19049295324233295190197168267332017400
   -0.65239644058845369656296497851144522430
   -1.58115449346267666896892478689551353500
    0.55631467431450243310564474086277186870
    3.47692455041726500297727397992275655300
    2.46460086430513580779688709299080073800
    1.94065773352272064045109800645150244200
    3.47479854371647212119000869279261678500
    2.38277849429367361011600223719142377400
  440.01886312731312500545755028724670410000
    0.19415532449618053134621220578992506490
    1.70149262634352793632785960653563961400
    4.03333327046789413827809767099097371100
    3.66514470969994876625719371077138930600
   -0.12761849463289076656025144984596408900
    1.94171615218435755778614293376449495600
    5.36881347916111817397677441476844251200
    3.14151229263274434089225906063802540300
   -0.25486498914728134002061210594547446820
    2.66424376452693367767210474994499236300
    2.87129189818345542661859326472040265800
   -0.70474351219402686652415468415711075070
    1.38450049448703804699789543519727885700
    3.86708558496265775161759847833309322600
    2.73277551165165633051401528064161539100
   -1.38212567129962327072689731721766293000
    1.81428126491930230557159120508003979900
    5.63906128853643906495562987402081489600
    3.53208614465971582063730238587595522400
   -0.79496148491695772797527297370834276080
    1.83726682758793713468037367420038208400
    3.76063084152447313357470193295739591100
    1.44675771524708629556243977276608347900
    1.98685692379669642804174145567230880300
    5.45110864890361401791096795932389795800
    6.63887935157026021215642686001956462900
    1.31835799128699582283275049121584743300
    2.19440282774256756326280992652755230700
    2.59817836476359076414155424572527408600
   -0.50613262643120904282767469339887611570
    1.51314055675151681867873776354826986800
    3.49270565787888020992113524698652327100
    3.49653413877150587296682715532369911700
    2.64954372967729145926796263665892183800
    3.33424579722017044858262124762404710100
    2.76093201922383135737959491962101310500
   -0.75871750401640780658851781481644138690
   -0.05850867894023853432727833023818675429
    2.03028310910294296220968135457951575500
    4.20112889419416735137247087550349533600
  442.19581421945810006945976056158542630000
    1.90196643893116257295616833289386704600
    5.34745925541108579892579655279405415100
   -1.06980172090045466681829111621482297800
   -0.98396204477299287205482869467232376340
    0.87324460317661323216498203692026436330
    5.23770853016879200936273264233022928200
    1.51130067952446545120892551494762301400
    1.77300586354995748372687103255884721900
    3.89315475071709071741565821866970509300
    0.67444525339720851064839735045097768310
    0.15300601180492293118540203522570664060
    2.26103818407053180905563749547582119700
    4.97293968747578762901184745714999735400
    1.55071017368976704631222673924639821100
    3.36265380242303324465069636062253266600
    6.17129896211850681453370270901359617700
    3.17177199813713972531559193157590925700
    0.80603764908590302962210216719540767370
    1.67032192799947920569536563561996445100
    3.23525529826226554419577041699085384600
    2.33829846375514582845767108665313571700
    1.35777591401544817095725647959625348400
    3.12792744292498614555597669095732271700
    2.32322774716874436151670124672818929000
   -0.29780890000239707005036393638874869790
    1.83118331484694429889259481569752097100
    4.76476344853141942081720117130316793900
    1.03897976194224606061311533267144113800
   -0.92508455084082485964103170772432349620
    1.85424167368706505065745204774430021600
    5.96817642767927836189301160629838705100
   -1.69872320088599515486293967114761471700
   -0.32067306645290327704600485958508215840
    0.65555769370075500646066757326480001210
    3.75932742648509243821308700717054307500
    3.62940893061000435793062024458777159500
    2.62131586824050755168968862562905997000
    3.42095180530389475492825113178696483400
    1.19115547401487531509189921052893623700
   -0.36189901711671729200858749209146481010
  443.85828918005250898204394616186618800000
    3.26547614325252544276168009673710912500
    5.83687718266554345092345101875253021700
    3.67283464073074750189107362530194222900
    1.27137646068039056324039393075508996800
    1.47274001509419405486767118418356403700
    2.98296891740169733964194165309891104700
    2.40876523943969678143162127526011318000
    1.32910806965595873485597167018568143200
    3.09555629006740407049846908194012939900
    2.69175175341318029254011889861430972800
   -0.34447794001464210333907089989224914460
    1.76454744636084215336779834615299478200
    4.67907710895151929264557111309841275200
    1.70419819682270112792821237235330045200
   -0.74479291340249909048054632876301184300
    2.27693500775164991978272155392915010500
    5.58049308184221537487701425561681389800
   -2.13848599777978476410567054699640721100
    0.12812397655986534905636631265224423260
    0.53578006382474219204681276096380315720
    3.66189959325224378972052363678812980700
    4.21791990837381369772174366516992449800
    2.52046874726498648655592660361435264300
    3.06202445841319148556181062303949147500
    1.37747803735149831894091221329290419800
   -0.25990909945822510129787019650393631310
    1.96426797309150336090510791109409183300
    5.29209026174193652991561975795775651900
   -0.97340678331104157905429019592702388760
   -0.79789826054593271376091934143914841120
    1.06517450747789577114588155382080003600
    5.34065575031860362287261523306369781500
    1.27206540174394655551282085070852190300
    1.71040087611418334390123163757380098100
    3.87445836199367077412603066477458924100
    0.63891361103612054339606629582704044880
    0.17008109678706265222025706407293910160
    2.16643907221803688756267547432798892300
    5.03447517936225885648582334397360682500
    1.62093568549839539549850542243802920000
  446.58994697860600808780873194336891170000
   -1.46208903330932393771490751532837748500
    0.59555583084324859033387156159733422100
    2.02075622299277579685394812258891761300
    4.17072572797248941611769623705185949800
    0.36826875893911104054012639608117751780
   -1.46208903330932371567030259029706940100
    0.59555583084324892340077894914429634810
    2.02075622299277668503236782271414995200
    4.17072572797248941611769623705185949800
    0.36826875893911115156242885859683156010
   -1.46208903330932304953648781520314514600
    0.59555583084325047771301342436345294120
    2.02075622299277712912157767277676612100
    4.17072572797248763976085683680139482000
    0.36826875893911309445272195262077730150
   -1.46208903330932504793793214048491790900
    0.59555583084325014464610603681649081410
    2.02075622299277712912157767277676612100
    4.17072572797249030429611593717709183700
    0.36826875893910981929479930840898305180
   -1.46208903330932371567030259029706940100
    0.59555583084324881237847648662864230570
    2.02075622299277712912157767277676612100
    4.17072572797248941611769623705185949800
    0.36826875893911159565163870865944772960
   -1.46208903330932304953648781520314514600
    0.59555583084324925646768633669125847520
    2.02075622299277579685394812258891761300
    4.17072572797248852793927653692662715900
    0.36826875893911487080956135287124197930
   -1.46208903330932438180411736539099365500
    0.59555583084324958953459372423822060230
    2.02075622299277579685394812258891761300
    4.17072572797248941611769623705185949800
    0.36826875893911265036351210255816113200
   -1.46208903330932393771490751532837748500
    0.59555583084325025566840849933214485650
    2.02075622299277712912157767277676612100
    4.17072572797248852793927653692662715900
    0.36826875893911192871854609620640985670
  469.12556644435841235463158227503299710000
    1.45906188824833171757688887737458571800
   -0.64071534135692109757087564503308385610
    0.58726534893496606937191018005250953140
    0.55803179153124271572039560851408168670
    0.52881007881764985345540708294720388950
    1.16372314887660355253728994284756481600
    2.37917889308903385270355101965833455300
    4.99062593142697519255079896538518369200
    4.41173665478056076238999594352208077900
    1.39403849428622250705700480466475710300
    2.81841832983104589871459211281035095500
    2.02130103401604444002259697299450635900
   -0.70820322050162098914682928807451389730
    1.65693139933431088373083639453398063800
    4.01111755116990487124439823674038052600
    1.13970521246249600899602683057310059700
    1.01806949240497757180889948358526453400
    2.94900019475445596128793113166466355300
    3.53652663098351682791076200373936444500
   -1.60958088709599800303351457841927185700
    1.43430434534290895953745348379015922500
    3.06605641565942299564540007850155234300
    5.84494302892663686321839122683741152300
    1.63177864905797576078327892901143059100
    1.20371183002707926590346687589772045600
    3.10539121892048308737344086694065481400
    0.96396057202133289543155569845112040640
    1.93329778603254154312196533282985910800
    5.42614994786733895182351261610165238400
    4.42262514816739127354594529606401920300
   -2.41539999531476379246441865689121186700
    1.08636269738030621923030594189185649200
    1.76719751799874758013686459889868274300
   -0.86906832166463043876092342543415725230
    1.46908128357130518537587704486213624500
    3.02412593995039946648262230155523866400
    3.95595586857481551490423044015187770100
    4.40098404813386867573399285902269184600
    4.50674014153108792868351883953437209100
    4.22846824595655856882103762472979724400
  497.09574745520325222969404421746730800000
    1.88339592786155352044374922115821391300
    2.91016109496167363346330603235401213200
    1.06705855464458077008771397231612354500
   -1.28734780381394542381201517855515703600
    0.74420810250630231585944329708581790330
    2.99630158102110977225152055325452238300
    5.89332376693337511852632815134711563600
    1.47204849380659719138009222660912200800
    1.53988567834536449474569508311105892100
    3.21027833280097052437440652283839881400
   -0.54167890190844336650854984327452257280
    0.63319799117029207380369371094275265930
    1.98486097055014920620408247486921027300
    5.52838346525651758156527648679912090300
    1.38650412737523143213991261291084811100
    1.20864740278429882991417798621114343400
    4.39431179384787817809865373419597744900
    3.88248970314189101316060259705409407600
    1.81119876359211517957703563297400251000
    4.16285677387639552193832059856504201900
    2.77273284129770525296976302342955023100
   -1.77440952345314895133299160079332068600
    2.27535848880037994135250301042106002600
    1.65665941074372224939281750266673043400
    0.69723506874661589360897551159723661840
    2.20493854443061376713330901111476123300
    4.87273733082910354141858988441526889800
    3.73801337846472581105672361445613205400
   -0.73109750616149093982443218919797800480
   -0.95088020663479067007273215494933538140
    0.08270057281862835951713464055501390249
    2.69772663162068404574256419437006115900
    4.23576926747359117086944024777039885500
    1.98357533322947543474867870827438309800
    2.81263161009258544353883735311683267400
    2.16154576929659469897160306572914123500
   -1.81895345341917247239393873314838856500
    1.48493657210354879083524792804382741500
    4.88379149212479646280371525790542364100
    3.60127602428876603113394594402052462100
  552.57972309524950560444267466664314270000
   -0.06303815238247047203490325273378402926
   -0.31407534281356930261352999877999536690
    0.64687234948791216826435857001342810690
    1.47681644400057376920187834912212565500
    3.04217818753442692525368329370394349100
    3.12779815732335864097990452137310057900
   -1.89720681104009192274872930283891037100
   -0.86847493104591999557584358626627363260
    0.69652682219250128259346865888801403340
    2.31603807258130123258865751267876476000
    5.50461966674577141134250268805772066100
    2.68123123401510055074936644814442843200
   -1.60248892883195459546641359338536858600
    3.06500864487553448256562660390045493800
    2.87762112650134938007795426528900861700
    1.02766657371182734692638405249454081100
    2.60233035140971491472328125382773578200
    4.31643898000429260264354525133967399600
    3.15556997541811679042211835621856153000
    1.04404729715409461121566891961265355300
   -0.06303815238247398311521862979134311900
   -0.31407534281356869199086645494389813390
    0.64687234948791383359889550774823874240
    1.47681644400057732191555714962305501100
    3.04217818753443047796736209420487284700
    3.12779815732335331190938632062170654500
   -1.89720681104009503137319825327722355700
   -0.86847493104591577672835001067142002280
    0.69652682219250194872728343398193828760
    2.31603807258129501533971961180213838800
    5.50461966674576341773672538693062961100
    2.68123123401512541974511805165093392100
   -1.60248892883195304115417911816621199300
    3.06500864487553403847641675383783876900
    2.87762112650134360691822621447499841500
    1.02766657371182690283717420243192464100
    2.60233035140971358245565170363988727300
    4.31643898000429349082196495146490633500
    3.15556997541811812268974790640641003800
    1.04404729715409572143869354476919397700
  554.70426801009227801841916516423225400000
    0.90891402651107999766111333883600309490
    2.95466757923976564015333678980823606300
    4.57151536762978771832877100678160786600
   -0.92728890375265171641672168334480375050
   -1.98852171047498393896546531323110684800
    0.07515063981768924095128170392854372039
    2.42854042134335568192682330845855176400
    6.43981724650206288629306072834879159900
    3.03803677802913574268472984840627759700
    1.07192440768924224236968711920781061100
    2.16997997630768590937577755539678037200
   -0.40458089379067030399994564504595473410
    1.05539319937583364605870883679017424600
    2.16983526425170225593319628387689590500
    2.58490448411245221649323866586200892900
    3.04339144492529145580306249030400067600
    3.16599430437607853860981776961125433400
    0.64043265826534379048240452902973629530
   -1.08799628401122405740863996470579877500
    0.16625557628891138306492791798518737780
    0.90891402651108088583953303896123543380
    2.95466757923976874877780574024654924900
    4.57151536762978416561509220628067851100
   -0.92728890375266170842394330975366756320
   -1.98852171047497972011797173763625323800
    0.07515063981768715928311053176003042608
    2.42854042134335701419445285864640027300
    6.43981724650206377447148042847402393800
    3.03803677802913218997105104790534824100
    1.07192440768924113214666249405127018700
    2.16997997630768724164340710558462888000
   -0.40458089379066797253159393221721984450
    1.05539319937583364605870883679017424600
    2.16983526425170314411161598400212824300
    2.58490448411245266058244851592462509900
    3.04339144492529234398148219042923301500
    3.16599430437607942678823746973648667300
    0.64043265826534512275003407921758480370
   -1.08799628401122427945324488973710686000
    0.16625557628891132755377668672736035660
  554.85077548806361846800427883863449100000
   -0.60491871922721851539961335220141336320
    1.02350508082369096030106447869911789900
    2.67279685437325209562686723074875772000
    3.33719984075746189944311481667682528500
    2.99330951472536810342717217281460762000
   -0.42532702793868476520700028231658507140
   -1.59667576983526493528131595667218789500
    0.92207535758054315344622864358825609090
    2.35874468358644495680209729471243917900
    5.22651938166758878168138835462741553800
    2.45614825156917770954123625415377318900
    0.47373093567383406377047094792942516510
    3.22890351511588580279976667952723801100
    1.46273503463974319238616317306878045200
   -0.11494751240932306324271650055379723200
    1.76487427215647052491931390250101685500
    6.10862249663778111852252550306729972400
   -1.58167220614003989354046098014805465900
    0.54173049255542682356434625035035423930
    2.14456420555595039800778067728970199800
    3.93954310872394763975989917526021599800
    2.31748147404054405384954407054465264100
    2.42334944689001918760595799540169537100
    1.88202966217802147852466987387742847200
   -0.38974447044232679582265177486988250170
    1.62967633580094983791752838442334905300
    3.68704254326986147205502675205934792800
    3.44888306763526308884593163384124636700
   -1.06946615658188215469692750048125162700
    1.85252720912245583129163151170359924400
    3.74347590598274360118580261769238859400
    5.11304252328240949054816155694425106000
    1.72243589664670859740169817087007686500
    0.16916416893577038149665270339028211310
    2.10942645861770694537540293822530657100
    0.46485090136727225118562500938423909250
    0.76837154718233735550825258542317897080
    2.03745511953637947755169079755432903800
    4.37568874403323881949745555175468325600
   -1.20916687792631716291680277208797633600
  592.86047407779142304207198321819305420000
